# d=2 SOS Matrix Report

- Generated at: `2026-04-18 22:58:49`
- Solver: `Mosek`
- Relaxation degrees: `d0=12, d1=11, dt=12`
- Sweep B values: `0.05, 0.1, 0.15, 0.2, 0.3, 0.4, 0.5, 0.6, 0.7, 0.8, 0.9, 0.95`

## Summary

| B | status | gamma_lower_bound | certificate_result |
|---:|:-------|------------------:|:-------------------|
| 0.05 | OPTIMAL | -5.534774e-09 | NONNEGATIVE (within tolerance) |
| 0.1 | OPTIMAL | -9.110297e-09 | NONNEGATIVE (within tolerance) |
| 0.15 | OPTIMAL | -4.033564e-09 | NONNEGATIVE (within tolerance) |
| 0.2 | OPTIMAL | -4.781393e-09 | NONNEGATIVE (within tolerance) |
| 0.3 | OPTIMAL | -1.850156e-09 | NONNEGATIVE (within tolerance) |
| 0.4 | OPTIMAL | 2.284195e-09 | NONNEGATIVE (within tolerance) |
| 0.5 | OPTIMAL | 3.346621e-09 | NONNEGATIVE (within tolerance) |
| 0.6 | OPTIMAL | 3.539316e-09 | NONNEGATIVE (within tolerance) |
| 0.7 | OPTIMAL | 7.449742e-09 | NONNEGATIVE (within tolerance) |
| 0.8 | OPTIMAL | 2.701384e-09 | NONNEGATIVE (within tolerance) |
| 0.9 | OPTIMAL | 6.647563e-10 | NONNEGATIVE (within tolerance) |
| 0.95 | OPTIMAL | 1.468734e-09 | NONNEGATIVE (within tolerance) |

## Detailed Matrices for B = 0.4

- status: `OPTIMAL`
- primal_status: `FEASIBLE_POINT`
- dual_status: `FEASIBLE_POINT`
- gamma_lower_bound: `2.284195e-09`
- certificate_result: `NONNEGATIVE (within tolerance)`

### Q0 (sigma0)

- size: `91x91`
- min_eigenvalue: `2.744051e-10`
- max_abs_entry: `2.859331e-01`
- frobenius_norm: `1.297745e+00`
- basis_preview: `1, v, u, v^2, u*v, u^2, v^3, u*v^2, u^2*v, u^3, v^4, u*v^3, u^2*v^2, u^3*v, u^4, v^5, u*v^4, u^2*v^3, u^3*v^2, u^4*v, ...`

Top-left block:

```text
 2.3090e-09   2.0939e-07  -2.0865e-07   3.0377e-06  -3.1083e-06   2.1361e-06   2.7561e-06   2.8128e-06  -4.7058e-06  -5.1010e-06  -6.8226e-07  -4.7344e-07
 2.0939e-07   9.1926e-04  -3.6334e-04  -7.5938e-04  -1.3617e-03  -8.4159e-04  -3.1510e-04   1.3002e-03   1.4787e-03   2.4138e-03  -7.6744e-04  -2.9993e-04
-2.0865e-07  -3.6334e-04   1.5386e-04   3.0984e-05   8.1325e-04   1.1056e-04  -1.3231e-04  -7.6339e-04  -2.0711e-04  -4.3193e-04   3.8423e-04   1.8581e-04
 3.0377e-06  -7.5938e-04   3.0984e-05   7.9648e-02  -2.6735e-02   4.0413e-03  -7.1613e-03  -8.9598e-03  -1.0180e-01  -4.1560e-02   3.6223e-02   2.9765e-02
-3.1083e-06  -1.3617e-03   8.1325e-04  -2.6735e-02   3.8597e-02  -1.3857e-02   9.6953e-03  -9.4906e-03  -1.2320e-03   3.4229e-03   1.5628e-03  -4.2213e-04
 2.1361e-06  -8.4159e-04   1.1056e-04   4.0413e-03  -1.3857e-02   9.9814e-03   1.4248e-03   7.2242e-03   9.0850e-03  -8.1578e-03  -7.0032e-03  -5.6499e-03
 2.7561e-06  -3.1510e-04  -1.3231e-04  -7.1613e-03   9.6953e-03   1.4248e-03   8.0809e-02  -3.0459e-02  -2.0605e-02  -7.8585e-03  -2.2720e-02  -1.4214e-02
 2.8128e-06   1.3002e-03  -7.6339e-04  -8.9598e-03  -9.4906e-03   7.2242e-03  -3.0459e-02   1.1717e-01  -4.6801e-02   8.9772e-03  -4.8190e-03  -2.6337e-02
-4.7058e-06   1.4787e-03  -2.0711e-04  -1.0180e-01  -1.2320e-03   9.0850e-03  -2.0605e-02  -4.6801e-02   2.8593e-01   3.3604e-02  -5.7490e-02  -3.2678e-02
-5.1010e-06   2.4138e-03  -4.3193e-04  -4.1560e-02   3.4229e-03  -8.1578e-03  -7.8585e-03   8.9772e-03   3.3604e-02   8.7613e-02  -8.0548e-03  -5.7689e-03
-6.8226e-07  -7.6744e-04   3.8423e-04   3.6223e-02   1.5628e-03  -7.0032e-03  -2.2720e-02  -4.8190e-03  -5.7490e-02  -8.0548e-03   1.2175e-01   2.7313e-03
-4.7344e-07  -2.9993e-04   1.8581e-04   2.9765e-02  -4.2213e-04  -5.6499e-03  -1.4214e-02  -2.6337e-02  -3.2678e-02  -5.7689e-03   2.7313e-03   1.2412e-01
... (truncated to top-left 12x12 block out of 91x91)
```

### Qu (sigmau)

- size: `78x78`
- min_eigenvalue: `2.187517e-09`
- max_abs_entry: `1.312248e-01`
- frobenius_norm: `1.050935e+00`
- basis_preview: `1, v, u, v^2, u*v, u^2, v^3, u*v^2, u^2*v, u^3, v^4, u*v^3, u^2*v^2, u^3*v, u^4, v^5, u*v^4, u^2*v^3, u^3*v^2, u^4*v, ...`

Top-left block:

```text
 1.1255e-07   5.3876e-06  -5.8546e-06  -1.9484e-05  -2.1758e-05   3.5038e-05   2.0727e-05   2.6544e-05   2.7969e-06  -2.9714e-05   6.7268e-06   7.9776e-06
 5.3876e-06   9.2956e-03  -3.8709e-03   6.6696e-03  -1.5573e-02  -7.4257e-03   3.8799e-03   4.3621e-03  -5.8044e-03   6.5256e-03   8.9542e-04  -7.4410e-04
-5.8546e-06  -3.8709e-03   1.7495e-03  -1.9650e-03   7.2203e-03   1.4146e-03  -2.4646e-03  -2.9828e-03   2.2031e-03  -1.1912e-03  -5.9407e-04   3.1613e-05
-1.9484e-05   6.6696e-03  -1.9650e-03   6.4143e-02  -4.3733e-02  -7.2755e-03  -9.9143e-03  -2.1158e-02  -4.2242e-02   4.3874e-04   7.3175e-03   8.2028e-03
-2.1758e-05  -1.5573e-02   7.2203e-03  -4.3733e-02   8.5021e-02  -1.6265e-02  -2.7665e-03  -2.2962e-02   1.0536e-02  -8.6618e-03  -1.5764e-04   6.3277e-03
 3.5038e-05  -7.4257e-03   1.4146e-03  -7.2755e-03  -1.6265e-02   3.5080e-02   6.2092e-03   2.0585e-02   1.2645e-02  -2.3320e-02  -9.7244e-04  -1.1253e-03
 2.0727e-05   3.8799e-03  -2.4646e-03  -9.9143e-03  -2.7665e-03   6.2092e-03   9.0617e-02  -2.9962e-02  -1.8103e-02  -1.0275e-03  -1.1328e-02  -1.0853e-02
 2.6544e-05   4.3621e-03  -2.9828e-03  -2.1158e-02  -2.2962e-02   2.0585e-02  -2.9962e-02   1.3122e-01  -2.6007e-03  -1.7428e-02  -5.1797e-03  -1.8178e-02
 2.7969e-06  -5.8044e-03   2.2031e-03  -4.2242e-02   1.0536e-02   1.2645e-02  -1.8103e-02  -2.6007e-03   1.2956e-01  -2.3258e-02  -8.3403e-03  -1.5218e-02
-2.9714e-05   6.5256e-03  -1.1912e-03   4.3874e-04  -8.6618e-03  -2.3320e-02  -1.0275e-03  -1.7428e-02  -2.3258e-02   9.1163e-02  -2.6239e-03  -6.0486e-03
 6.7268e-06   8.9542e-04  -5.9407e-04   7.3175e-03  -1.5764e-04  -9.7244e-04  -1.1328e-02  -5.1797e-03  -8.3403e-03  -2.6239e-03   9.5718e-02  -2.1717e-02
 7.9776e-06  -7.4410e-04   3.1613e-05   8.2028e-03   6.3277e-03  -1.1253e-03  -1.0853e-02  -1.8178e-02  -1.5218e-02  -6.0486e-03  -2.1717e-02   1.1667e-01
... (truncated to top-left 12x12 block out of 78x78)
```

### Qv (sigmav)

- size: `78x78`
- min_eigenvalue: `2.785912e-09`
- max_abs_entry: `1.503008e-01`
- frobenius_norm: `1.103143e+00`
- basis_preview: `1, v, u, v^2, u*v, u^2, v^3, u*v^2, u^2*v, u^3, v^4, u*v^3, u^2*v^2, u^3*v, u^4, v^5, u*v^4, u^2*v^3, u^3*v^2, u^4*v, ...`

Top-left block:

```text
 3.5328e-07  -4.3055e-06  -6.5057e-06  -4.8707e-05  -1.9028e-05   7.6083e-05   2.9010e-05  -3.3676e-06   9.8235e-06  -9.7267e-06   1.3123e-06   1.2560e-05
-4.3055e-06   2.5846e-02  -1.0148e-02   9.0847e-03  -3.8062e-03  -4.0128e-02   1.5210e-02   1.4360e-02  -1.7203e-02  -1.4345e-02   9.6542e-03   6.0748e-03
-6.5057e-06  -1.0148e-02   4.2209e-03  -2.3657e-03   2.5338e-03   1.3337e-02  -7.2762e-03  -5.8017e-03   6.5985e-03   6.6771e-03  -3.8453e-03  -2.8769e-03
-4.8707e-05   9.0847e-03  -2.3657e-03   7.6947e-02  -4.0456e-02  -1.4901e-02  -9.1661e-03  -1.1282e-02  -2.6627e-02  -4.8027e-02   1.1151e-02   1.0834e-02
-1.9028e-05  -3.8062e-03   2.5338e-03  -4.0456e-02   8.1082e-02  -3.3620e-02   7.2217e-03   1.3100e-03  -3.1878e-02   4.7012e-03   3.2813e-03  -8.0157e-04
 7.6083e-05  -4.0128e-02   1.3337e-02  -1.4901e-02  -3.3620e-02   1.0019e-01  -1.2708e-02  -1.7706e-02   4.4941e-02   1.1097e-02  -1.8458e-02  -6.5509e-03
 2.9010e-05   1.5210e-02  -7.2762e-03  -9.1661e-03   7.2217e-03  -1.2708e-02   1.0572e-01  -2.4537e-02  -4.2974e-02  -1.8333e-02  -4.5930e-03  -6.9673e-03
-3.3676e-06   1.4360e-02  -5.8017e-03  -1.1282e-02   1.3100e-03  -1.7706e-02  -2.4537e-02   1.0906e-01  -2.2850e-02  -1.9021e-02   5.9081e-05  -3.4839e-03
 9.8235e-06  -1.7203e-02   6.5985e-03  -2.6627e-02  -3.1878e-02   4.4941e-02  -4.2974e-02  -2.2850e-02   1.5030e-01   2.2375e-02  -1.0403e-02  -1.5827e-02
-9.7267e-06  -1.4345e-02   6.6771e-03  -4.8027e-02   4.7012e-03   1.1097e-02  -1.8333e-02  -1.9021e-02   2.2375e-02   1.4256e-01  -1.2724e-02  -1.6511e-02
 1.3123e-06   9.6542e-03  -3.8453e-03   1.1151e-02   3.2813e-03  -1.8458e-02  -4.5930e-03   5.9081e-05  -1.0403e-02  -1.2724e-02   1.0364e-01  -2.0246e-02
 1.2560e-05   6.0748e-03  -2.8769e-03   1.0834e-02  -8.0157e-04  -6.5509e-03  -6.9673e-03  -3.4839e-03  -1.5827e-02  -1.6511e-02  -2.0246e-02   1.1054e-01
... (truncated to top-left 12x12 block out of 78x78)
```

